na2co     
 0.39494469762E+00 0.00000000000E+00 0.00000000000E+00 0.00000000000E+00
 0.00000000000E+00 0.00000000000E+00 0.00000000000E+00 0.00000000000E+00
 0.00000000000E+00 0.00000000000E+00 0.00000000000E+00 0.10600000000E+03
3al2o3    
 0.25144580007E+00 0.26079463959E+01-0.23960294724E+01 0.66374093294E+00
-0.86146794260E-01 0.72927596048E-02 0.61856454611E+00 0.14195384458E-01
 0.00000000000E+00 0.00000000000E+00 0.00000000000E+00 0.10195999908E+03
sol c     
 0.44444444776E+00 0.83093583584E+00-0.13938181400E+01 0.67256969213E+00
-0.11353725940E+00 0.64915586263E-02-0.22670534253E+00 0.12051656842E+00
 0.83159998059E-01-0.17558999360E+00 0.15531000495E+00 0.12010000229E+02
3an       
 0.57971012592E+00 0.22904593945E+01-0.41828646660E+01 0.28203513622E+01
-0.84951084852E+00 0.10026501864E+00 0.25734609365E+00 0.18081700429E-01
 0.00000000000E+00 0.00000000000E+00 0.00000000000E+00 0.80047996521E+02
al203     
 0.25144580007E+00 0.26079463959E+01-0.23960294724E+01 0.66374093294E+00
-0.86146794260E-01 0.72927596048E-02 0.61856454611E+00 0.14195384458E-01
 0.00000000000E+00 0.00000000000E+00 0.00000000000E+00 0.10195999908E+03
ap(s)     
 0.51282054186E+00 0.16855714321E+01-0.27447643280E+01 0.16386539936E+01
-0.43748411536E+00 0.46511724591E-01 0.30238455534E+00 0.12319464236E-01
 0.00000000000E+00 0.00000000000E+00 0.00000000000E+00 0.11748919678E+03
al(s)     
 0.35906642675E+00 0.48079609871E+00-0.59788602591E+00 0.14017997682E+00
 0.34336966928E-02 0.12811561464E-03 0.43774926662E+00 0.53667183965E-01
 0.00000000000E+00 0.00000000000E+00 0.00000000000E+00 0.26790000916E+02
sol s     
 0.48309180140E+00 0.00000000000E+00 0.00000000000E+00 0.00000000000E+00
 0.00000000000E+00 0.00000000000E+00 0.00000000000E+00 0.00000000000E+00
 0.00000000000E+00 0.00000000000E+00 0.00000000000E+00 0.32066001892E+02
sio2      
 0.45372051001E+00-0.19754190445E+02 0.25707315445E+02-0.12552706718E+02
 0.28059692383E+01-0.25674471259E+00 0.17793482542E+01 0.24099301547E-01
 0.00000000000E+00 0.00000000000E+00 0.00000000000E+00 0.60000000000E+02
wc        
 0.66604502499E-01 0.00000000000E+00 0.00000000000E+00 0.00000000000E+00
 0.57428370928E-03-0.49467256758E-04 0.34487302303E+01 0.73873526417E-02
 0.00000000000E+00 0.00000000000E+00 0.00000000000E+00 0.19592999268E+03
solc      
 0.44444444776E+00 0.83093583584E+00-0.13938181400E+01 0.67256969213E+00
-0.11353725940E+00 0.64915586263E-02-0.22670534253E+00 0.12051656842E+00
 0.83159998059E-01-0.17558999360E+00 0.15531000495E+00 0.12010000229E+02
al2o3     
 0.25144580007E+00 0.26079463959E+01-0.23960294724E+01 0.66374093294E+00
-0.86146794260E-01 0.72927596048E-02 0.61856454611E+00 0.14195384458E-01
 0.00000000000E+00 0.00000000000E+00 0.00000000000E+00 0.10195999908E+03
al        
 0.35906642675E+00 0.48079609871E+00-0.59788602591E+00 0.14017997682E+00
 0.34336966928E-02 0.12811561464E-03 0.43774926662E+00 0.53667183965E-01
 0.00000000000E+00 0.00000000000E+00 0.00000000000E+00 0.26790000916E+02
pb        
 0.88183417916E-01 0.23388539255E+00-0.53259167820E-01-0.28823557659E-03
 0.32966080471E-03-0.51429215091E-05 0.38149330020E+00 0.69852033630E-02
 0.00000000000E+00 0.00000000000E+00 0.00000000000E+00 0.20721000671E+03
