    0    1    0    0    1    0    0    0    0    2
 Ammonium Perchlorate                                                   
    4   10   10
 0.50000000000E+00 0.15999999642E+00 0.40000000000E+03 0.10909778595E+02
 h     n     o     cl    
 0.40000000000E+01 0.10000000000E+01 0.40000000000E+01 0.10000000000E+01
 0.17000000000E+01 0.11748918152E+03-0.64750000000E+05
 0.30000000000E+04 0.30000001192E+00
 h2o   n2    h2    o2    nh3   h     no    oh    hcl   cl2   
 0.20000000000E+01 0.50000000000E+00 0.99999997765E-02 0.10000000000E+01
 0.99999997765E-02 0.99999997765E-02 0.99999997765E-02 0.99999997765E-02
 0.99999997765E-02 0.49500000477E+00
 0.42588420868E+02 0.14808050357E-01-0.26391810479E-05 0.19204529633E-09
 0.00000000000E+00 0.13428283691E+04-0.57107000000E+05 0.25000000000E+03
 0.43923400879E+02 0.12225010432E-01-0.23790050818E-05 0.17983220468E-09
 0.00000000000E+00 0.11391613770E+04 0.00000000000E+00 0.38000000000E+03
 0.29703470230E+02 0.11438289657E-01-0.22012220597E-05 0.16777609857E-09
 0.00000000000E+00 0.11758961182E+04 0.00000000000E+00 0.80000000000E+02
 0.47030899048E+02 0.12871470302E-01-0.25002170787E-05 0.19015700126E-09
 0.00000000000E+00 0.10353764648E+04 0.00000000000E+00 0.35000000000E+03
 0.42018161774E+02 0.19116619602E-01-0.31643301099E-05 0.21978009690E-09
 0.00000000000E+00 0.12069611816E+04-0.93680000000E+04 0.47600000000E+03
 0.26391099930E+02 0.81213722005E-02-0.16907399640E-05 0.13168230395E-09
 0.00000000000E+00 0.79463159180E+03 0.51619000000E+05 0.76000000000E+02
 0.48414981842E+02 0.12693859637E-01-0.24946000394E-05 0.18932129475E-09
 0.00000000000E+00 0.12092497559E+04 0.21477000000E+05 0.38600000000E+03
 0.42417919159E+02 0.11568469927E-01-0.22266590349E-05 0.16891550658E-09
 0.00000000000E+00 0.11835175781E+04 0.35600000000E+04 0.41300000000E+03
 0.42936641693E+02 0.11874400079E-01-0.22864060156E-05 0.17278070641E-09
 0.00000000000E+00 0.11737486572E+04-0.22000000000E+05 0.63700000000E+03
 0.51320999146E+02 0.14395629987E-01-0.29638829346E-05 0.23498719637E-09
 0.00000000000E+00 0.99022290039E+03 0.00000000000E+00 0.95600000000E+03
 0.20000000000E+01 0.00000000000E+00 0.10000000000E+01 0.00000000000E+00
 0.00000000000E+00 0.20000000000E+01 0.00000000000E+00 0.00000000000E+00
 0.20000000000E+01 0.00000000000E+00 0.00000000000E+00 0.00000000000E+00
 0.00000000000E+00 0.00000000000E+00 0.20000000000E+01 0.00000000000E+00
 0.30000000000E+01 0.10000000000E+01 0.00000000000E+00 0.00000000000E+00
 0.10000000000E+01 0.00000000000E+00 0.00000000000E+00 0.00000000000E+00
 0.00000000000E+00 0.10000000000E+01 0.10000000000E+01 0.00000000000E+00
 0.10000000000E+01 0.00000000000E+00 0.10000000000E+01 0.00000000000E+00
 0.10000000000E+01 0.00000000000E+00 0.00000000000E+00 0.10000000000E+01
 0.00000000000E+00 0.00000000000E+00 0.00000000000E+00 0.20000000000E+01
   11 0.20000000000E+00
   12 0.99999997765E-02
